(kicad_pcb (version 20171130) (host pcbnew "(5.1.5)-3")

  (general
    (thickness 1.6)
    (drawings 5)
    (tracks 164)
    (zones 0)
    (modules 25)
    (nets 45)
  )

  (page A4)
  (layers
    (0 F.Cu signal)
    (31 B.Cu signal)
    (32 B.Adhes user)
    (33 F.Adhes user)
    (34 B.Paste user)
    (35 F.Paste user)
    (36 B.SilkS user)
    (37 F.SilkS user)
    (38 B.Mask user)
    (39 F.Mask user)
    (40 Dwgs.User user)
    (41 Cmts.User user)
    (42 Eco1.User user)
    (43 Eco2.User user)
    (44 Edge.Cuts user)
    (45 Margin user)
    (46 B.CrtYd user)
    (47 F.CrtYd user)
    (48 B.Fab user)
    (49 F.Fab user)
  )

  (setup
    (last_trace_width 0.25)
    (user_trace_width 0.8)
    (trace_clearance 0.2)
    (zone_clearance 0.508)
    (zone_45_only no)
    (trace_min 0.2)
    (via_size 0.8)
    (via_drill 0.4)
    (via_min_size 0.4)
    (via_min_drill 0.3)
    (uvia_size 0.3)
    (uvia_drill 0.1)
    (uvias_allowed no)
    (uvia_min_size 0.2)
    (uvia_min_drill 0.1)
    (edge_width 0.05)
    (segment_width 0.2)
    (pcb_text_width 0.3)
    (pcb_text_size 1.5 1.5)
    (mod_edge_width 0.12)
    (mod_text_size 1 1)
    (mod_text_width 0.15)
    (pad_size 1.524 1.524)
    (pad_drill 0.762)
    (pad_to_mask_clearance 0.051)
    (solder_mask_min_width 0.25)
    (aux_axis_origin 0 0)
    (visible_elements 7FFFFFFF)
    (pcbplotparams
      (layerselection 0x010fc_ffffffff)
      (usegerberextensions false)
      (usegerberattributes false)
      (usegerberadvancedattributes false)
      (creategerberjobfile false)
      (excludeedgelayer true)
      (linewidth 0.100000)
      (plotframeref false)
      (viasonmask false)
      (mode 1)
      (useauxorigin false)
      (hpglpennumber 1)
      (hpglpenspeed 20)
      (hpglpendiameter 15.000000)
      (psnegative false)
      (psa4output false)
      (plotreference true)
      (plotvalue true)
      (plotinvisibletext false)
      (padsonsilk false)
      (subtractmaskfromsilk false)
      (outputformat 1)
      (mirror false)
      (drillshape 1)
      (scaleselection 1)
      (outputdirectory ""))
  )

  (net 0 "")
  (net 1 GNDREF)
  (net 2 +3V3)
  (net 3 RX0)
  (net 4 TX0)
  (net 5 SOIL_ANALOG)
  (net 6 +BATT)
  (net 7 BATT_ANALOG)
  (net 8 AMBL_ANALOG)
  (net 9 EN)
  (net 10 IO0)
  (net 11 PUMP-)
  (net 12 PUMP+)
  (net 13 SENSOR_EN)
  (net 14 SCL)
  (net 15 SDA)
  (net 16 "Net-(Q1-Pad1)")
  (net 17 PUMP_EN)
  (net 18 TH_SENSOR_EN)
  (net 19 "Net-(Q1-Pad3)")
  (net 20 "Net-(U1-Pad37)")
  (net 21 "Net-(U1-Pad32)")
  (net 22 "Net-(U1-Pad31)")
  (net 23 "Net-(U1-Pad30)")
  (net 24 "Net-(U1-Pad29)")
  (net 25 "Net-(U1-Pad28)")
  (net 26 "Net-(U1-Pad27)")
  (net 27 "Net-(U1-Pad26)")
  (net 28 "Net-(U1-Pad24)")
  (net 29 "Net-(U1-Pad23)")
  (net 30 "Net-(U1-Pad22)")
  (net 31 "Net-(U1-Pad21)")
  (net 32 "Net-(U1-Pad20)")
  (net 33 "Net-(U1-Pad19)")
  (net 34 "Net-(U1-Pad18)")
  (net 35 "Net-(U1-Pad17)")
  (net 36 "Net-(U1-Pad16)")
  (net 37 "Net-(U1-Pad14)")
  (net 38 "Net-(U1-Pad13)")
  (net 39 "Net-(U1-Pad10)")
  (net 40 "Net-(U1-Pad5)")
  (net 41 "Net-(U1-Pad4)")
  (net 42 "Net-(U2-Pad7)")
  (net 43 "Net-(U2-Pad4)")
  (net 44 "Net-(U2-Pad3)")

  (net_class Default "This is the default net class."
    (clearance 0.2)
    (trace_width 0.25)
    (via_dia 0.8)
    (via_drill 0.4)
    (uvia_dia 0.3)
    (uvia_drill 0.1)
    (add_net +3V3)
    (add_net +BATT)
    (add_net AMBL_ANALOG)
    (add_net BATT_ANALOG)
    (add_net EN)
    (add_net GNDREF)
    (add_net IO0)
    (add_net "Net-(Q1-Pad1)")
    (add_net "Net-(Q1-Pad3)")
    (add_net "Net-(U1-Pad10)")
    (add_net "Net-(U1-Pad13)")
    (add_net "Net-(U1-Pad14)")
    (add_net "Net-(U1-Pad16)")
    (add_net "Net-(U1-Pad17)")
    (add_net "Net-(U1-Pad18)")
    (add_net "Net-(U1-Pad19)")
    (add_net "Net-(U1-Pad20)")
    (add_net "Net-(U1-Pad21)")
    (add_net "Net-(U1-Pad22)")
    (add_net "Net-(U1-Pad23)")
    (add_net "Net-(U1-Pad24)")
    (add_net "Net-(U1-Pad26)")
    (add_net "Net-(U1-Pad27)")
    (add_net "Net-(U1-Pad28)")
    (add_net "Net-(U1-Pad29)")
    (add_net "Net-(U1-Pad30)")
    (add_net "Net-(U1-Pad31)")
    (add_net "Net-(U1-Pad32)")
    (add_net "Net-(U1-Pad37)")
    (add_net "Net-(U1-Pad4)")
    (add_net "Net-(U1-Pad5)")
    (add_net "Net-(U2-Pad3)")
    (add_net "Net-(U2-Pad4)")
    (add_net "Net-(U2-Pad7)")
    (add_net PUMP+)
    (add_net PUMP-)
    (add_net PUMP_EN)
    (add_net RX0)
    (add_net SCL)
    (add_net SDA)
    (add_net SENSOR_EN)
    (add_net SOIL_ANALOG)
    (add_net TH_SENSOR_EN)
    (add_net TX0)
  )

  (module Diode_SMD:D_MiniMELF (layer B.Cu) (tedit 5905D8F5) (tstamp 5E56B4A3)
    (at 168 104.75 270)
    (descr "Diode Mini-MELF")
    (tags "Diode Mini-MELF")
    (path /5E61A832)
    (attr smd)
    (fp_text reference D1 (at -3.75 0 90) (layer B.SilkS)
      (effects (font (size 1 1) (thickness 0.15)) (justify mirror))
    )
    (fp_text value LL4148 (at 0 -1.75 90) (layer B.Fab)
      (effects (font (size 1 1) (thickness 0.15)) (justify mirror))
    )
    (fp_line (start -2.65 -1.1) (end -2.65 1.1) (layer B.CrtYd) (width 0.05))
    (fp_line (start 2.65 -1.1) (end -2.65 -1.1) (layer B.CrtYd) (width 0.05))
    (fp_line (start 2.65 1.1) (end 2.65 -1.1) (layer B.CrtYd) (width 0.05))
    (fp_line (start -2.65 1.1) (end 2.65 1.1) (layer B.CrtYd) (width 0.05))
    (fp_line (start -0.75 0) (end -0.35 0) (layer B.Fab) (width 0.1))
    (fp_line (start -0.35 0) (end -0.35 0.55) (layer B.Fab) (width 0.1))
    (fp_line (start -0.35 0) (end -0.35 -0.55) (layer B.Fab) (width 0.1))
    (fp_line (start -0.35 0) (end 0.25 0.4) (layer B.Fab) (width 0.1))
    (fp_line (start 0.25 0.4) (end 0.25 -0.4) (layer B.Fab) (width 0.1))
    (fp_line (start 0.25 -0.4) (end -0.35 0) (layer B.Fab) (width 0.1))
    (fp_line (start 0.25 0) (end 0.75 0) (layer B.Fab) (width 0.1))
    (fp_line (start -1.65 0.8) (end 1.65 0.8) (layer B.Fab) (width 0.1))
    (fp_line (start -1.65 -0.8) (end -1.65 0.8) (layer B.Fab) (width 0.1))
    (fp_line (start 1.65 -0.8) (end -1.65 -0.8) (layer B.Fab) (width 0.1))
    (fp_line (start 1.65 0.8) (end 1.65 -0.8) (layer B.Fab) (width 0.1))
    (fp_line (start -2.55 -1) (end 1.75 -1) (layer B.SilkS) (width 0.12))
    (fp_line (start -2.55 1) (end -2.55 -1) (layer B.SilkS) (width 0.12))
    (fp_line (start 1.75 1) (end -2.55 1) (layer B.SilkS) (width 0.12))
    (fp_text user %R (at 0 2 90) (layer B.Fab)
      (effects (font (size 1 1) (thickness 0.15)) (justify mirror))
    )
    (pad 2 smd rect (at 1.75 0 270) (size 1.3 1.7) (layers B.Cu B.Paste B.Mask)
      (net 11 PUMP-))
    (pad 1 smd rect (at -1.75 0 270) (size 1.3 1.7) (layers B.Cu B.Paste B.Mask)
      (net 12 PUMP+))
    (model ${KISYS3DMOD}/Diode_SMD.3dshapes/D_MiniMELF.wrl
      (at (xyz 0 0 0))
      (scale (xyz 1 1 1))
      (rotate (xyz 0 0 0))
    )
  )

  (module Graphics:e3_6mm (layer B.Cu) (tedit 0) (tstamp 5E6751DE)
    (at 151.5 100.5 180)
    (fp_text reference G*** (at 0 0) (layer B.SilkS) hide
      (effects (font (size 1.524 1.524) (thickness 0.3)) (justify mirror))
    )
    (fp_text value LOGO (at 0.75 0) (layer B.SilkS) hide
      (effects (font (size 1.524 1.524) (thickness 0.3)) (justify mirror))
    )
    (fp_poly (pts (xy 0.213427 2.981571) (xy 0.409407 2.966414) (xy 0.573803 2.941403) (xy 0.575 2.941152)
      (xy 0.952686 2.837793) (xy 1.308384 2.691991) (xy 1.638673 2.505872) (xy 1.940134 2.281564)
      (xy 2.20935 2.021194) (xy 2.374594 1.821526) (xy 2.559716 1.551312) (xy 2.707587 1.27776)
      (xy 2.82527 0.985964) (xy 2.914937 0.680671) (xy 2.941714 0.567861) (xy 2.960441 0.469427)
      (xy 2.972533 0.371496) (xy 2.979406 0.260194) (xy 2.982475 0.12165) (xy 2.983096 0.0125)
      (xy 2.980127 -0.204018) (xy 2.96869 -0.386483) (xy 2.946539 -0.550455) (xy 2.911425 -0.711493)
      (xy 2.861101 -0.885155) (xy 2.84717 -0.928424) (xy 2.708231 -1.275033) (xy 2.526503 -1.600931)
      (xy 2.306051 -1.902057) (xy 2.050943 -2.174349) (xy 1.765244 -2.413747) (xy 1.453022 -2.61619)
      (xy 1.118343 -2.777617) (xy 0.925 -2.847826) (xy 0.649554 -2.919891) (xy 0.353259 -2.968003)
      (xy 0.052205 -2.99082) (xy -0.237518 -2.987001) (xy -0.456275 -2.962904) (xy -0.835644 -2.876363)
      (xy -1.193654 -2.746027) (xy -1.527627 -2.574476) (xy -1.834887 -2.364295) (xy -2.112756 -2.118065)
      (xy -2.358557 -1.83837) (xy -2.492575 -1.641154) (xy -1.439557 -1.641154) (xy -1.428673 -1.649448)
      (xy -1.400317 -1.656329) (xy -1.350529 -1.661917) (xy -1.275347 -1.666331) (xy -1.170811 -1.669692)
      (xy -1.032958 -1.672119) (xy -0.857829 -1.673731) (xy -0.641461 -1.674648) (xy -0.379895 -1.67499)
      (xy -0.318389 -1.675) (xy 0.789791 -1.675) (xy 0.84038 -1.414721) (xy 0.890969 -1.154443)
      (xy 0.817359 -1.139721) (xy 0.773703 -1.135891) (xy 0.687229 -1.132432) (xy 0.56512 -1.129479)
      (xy 0.414558 -1.127167) (xy 0.242726 -1.125631) (xy 0.056805 -1.125007) (xy 0.034375 -1.125)
      (xy -0.175079 -1.124707) (xy -0.339697 -1.123649) (xy -0.464641 -1.121552) (xy -0.555073 -1.118147)
      (xy -0.616155 -1.11316) (xy -0.653048 -1.106321) (xy -0.670916 -1.097357) (xy -0.675 -1.087663)
      (xy -0.670281 -1.049283) (xy -0.656928 -0.968469) (xy -0.63615 -0.851807) (xy -0.609157 -0.705883)
      (xy -0.577157 -0.537284) (xy -0.541358 -0.352598) (xy -0.522497 -0.256706) (xy -0.496645 -0.125913)
      (xy 0.08192 -0.119206) (xy 0.660485 -0.1125) (xy 0.707058 0.121102) (xy 0.725757 0.223201)
      (xy 0.737779 0.305822) (xy 0.741621 0.357518) (xy 0.739586 0.368748) (xy 0.711576 0.373323)
      (xy 0.640895 0.378359) (xy 0.534865 0.383524) (xy 0.400809 0.388486) (xy 0.246049 0.392912)
      (xy 0.167477 0.394728) (xy -0.390586 0.406664) (xy -0.324919 0.759582) (xy -0.259253 1.1125)
      (xy 0.544984 1.119096) (xy 1.34922 1.125692) (xy 1.362186 1.181596) (xy 1.382947 1.275493)
      (xy 1.40459 1.380405) (xy 1.424532 1.482871) (xy 1.440188 1.569427) (xy 1.448975 1.626611)
      (xy 1.45 1.639135) (xy 1.444157 1.647764) (xy 1.423924 1.654926) (xy 1.385237 1.660752)
      (xy 1.324036 1.665371) (xy 1.23626 1.668912) (xy 1.117846 1.671505) (xy 0.964735 1.67328)
      (xy 0.772864 1.674366) (xy 0.538172 1.674894) (xy 0.326475 1.675) (xy 0.094347 1.67459)
      (xy -0.122106 1.673414) (xy -0.317823 1.671559) (xy -0.48774 1.669108) (xy -0.626794 1.666147)
      (xy -0.729923 1.662762) (xy -0.792064 1.659036) (xy -0.808824 1.655949) (xy -0.817173 1.625908)
      (xy -0.833648 1.551934) (xy -0.857302 1.438986) (xy -0.887187 1.292018) (xy -0.922353 1.11599)
      (xy -0.961853 0.915858) (xy -1.004738 0.696579) (xy -1.05006 0.463111) (xy -1.096871 0.22041)
      (xy -1.144223 -0.026565) (xy -1.191166 -0.272859) (xy -1.236754 -0.513513) (xy -1.280036 -0.743571)
      (xy -1.320067 -0.958074) (xy -1.355895 -1.152067) (xy -1.386575 -1.320592) (xy -1.411157 -1.458691)
      (xy -1.428692 -1.561407) (xy -1.438233 -1.623784) (xy -1.439557 -1.641154) (xy -2.492575 -1.641154)
      (xy -2.569613 -1.52779) (xy -2.743246 -1.18891) (xy -2.87678 -0.824312) (xy -2.943099 -0.564018)
      (xy -2.967003 -0.407226) (xy -2.981537 -0.217417) (xy -2.9867 -0.010691) (xy -2.982492 0.196856)
      (xy -2.968913 0.389125) (xy -2.945964 0.550019) (xy -2.943099 0.564019) (xy -2.837146 0.949572)
      (xy -2.689317 1.309328) (xy -2.501826 1.641074) (xy -2.276887 1.942598) (xy -2.016714 2.211683)
      (xy -1.72352 2.446118) (xy -1.39952 2.643688) (xy -1.046927 2.802179) (xy -0.667954 2.919377)
      (xy -0.564019 2.943099) (xy -0.402858 2.967637) (xy -0.20882 2.98221) (xy 0.00198 2.986845)
      (xy 0.213427 2.981571)) (layer B.SilkS) (width 0.01))
    (fp_poly (pts (xy -0.179769 -1.628465) (xy 0.057519 -1.629571) (xy 0.23125 -1.631274) (xy 0.318945 -1.632698)
      (xy 0.358782 -1.634028) (xy 0.352904 -1.635238) (xy 0.303451 -1.636299) (xy 0.212566 -1.637184)
      (xy 0.082391 -1.637865) (xy -0.084932 -1.638313) (xy -0.287261 -1.638502) (xy -0.325 -1.638506)
      (xy -0.53307 -1.638364) (xy -0.706498 -1.637958) (xy -0.843142 -1.637315) (xy -0.94086 -1.636463)
      (xy -0.99751 -1.63543) (xy -1.010951 -1.634243) (xy -0.97904 -1.632931) (xy -0.899635 -1.631522)
      (xy -0.88125 -1.631274) (xy -0.669836 -1.629317) (xy -0.429115 -1.62838) (xy -0.179769 -1.628465)) (layer B.SilkS) (width 0.01))
    (fp_poly (pts (xy -1.4 -1.5625) (xy -1.4125 -1.575) (xy -1.425 -1.5625) (xy -1.4125 -1.55)
      (xy -1.4 -1.5625)) (layer B.SilkS) (width 0.01))
    (fp_poly (pts (xy 1.124467 1.168896) (xy 1.132477 1.16858) (xy 1.175187 1.165955) (xy 1.171504 1.16367)
      (xy 1.125034 1.161863) (xy 1.039384 1.160671) (xy 0.91816 1.16023) (xy 0.9125 1.16023)
      (xy 0.791017 1.160664) (xy 0.706036 1.161842) (xy 0.660881 1.163627) (xy 0.658878 1.165883)
      (xy 0.703355 1.168473) (xy 0.707477 1.168633) (xy 0.842854 1.171651) (xy 0.992116 1.171738)
      (xy 1.124467 1.168896)) (layer B.SilkS) (width 0.01))
  )

  (module Package_TO_SOT_SMD:SOT-23_Handsoldering (layer B.Cu) (tedit 5A0AB76C) (tstamp 5E66F304)
    (at 144 96.5 270)
    (descr "SOT-23, Handsoldering")
    (tags SOT-23)
    (path /5E6793F6)
    (attr smd)
    (fp_text reference Q1 (at 0 2.75) (layer B.SilkS)
      (effects (font (size 1 1) (thickness 0.15)) (justify mirror))
    )
    (fp_text value Q_NPN_BEC (at 0 -2.5 270) (layer B.Fab)
      (effects (font (size 1 1) (thickness 0.15)) (justify mirror))
    )
    (fp_line (start 0.76 -1.58) (end -0.7 -1.58) (layer B.SilkS) (width 0.12))
    (fp_line (start -0.7 -1.52) (end 0.7 -1.52) (layer B.Fab) (width 0.1))
    (fp_line (start 0.7 1.52) (end 0.7 -1.52) (layer B.Fab) (width 0.1))
    (fp_line (start -0.7 0.95) (end -0.15 1.52) (layer B.Fab) (width 0.1))
    (fp_line (start -0.15 1.52) (end 0.7 1.52) (layer B.Fab) (width 0.1))
    (fp_line (start -0.7 0.95) (end -0.7 -1.5) (layer B.Fab) (width 0.1))
    (fp_line (start 0.76 1.58) (end -2.4 1.58) (layer B.SilkS) (width 0.12))
    (fp_line (start -2.7 -1.75) (end -2.7 1.75) (layer B.CrtYd) (width 0.05))
    (fp_line (start 2.7 -1.75) (end -2.7 -1.75) (layer B.CrtYd) (width 0.05))
    (fp_line (start 2.7 1.75) (end 2.7 -1.75) (layer B.CrtYd) (width 0.05))
    (fp_line (start -2.7 1.75) (end 2.7 1.75) (layer B.CrtYd) (width 0.05))
    (fp_line (start 0.76 1.58) (end 0.76 0.65) (layer B.SilkS) (width 0.12))
    (fp_line (start 0.76 -1.58) (end 0.76 -0.65) (layer B.SilkS) (width 0.12))
    (fp_text user %R (at 0 0) (layer B.Fab)
      (effects (font (size 0.5 0.5) (thickness 0.075)) (justify mirror))
    )
    (pad 3 smd rect (at 1.5 0 270) (size 1.9 0.8) (layers B.Cu B.Paste B.Mask)
      (net 19 "Net-(Q1-Pad3)"))
    (pad 2 smd rect (at -1.5 -0.95 270) (size 1.9 0.8) (layers B.Cu B.Paste B.Mask)
      (net 1 GNDREF))
    (pad 1 smd rect (at -1.5 0.95 270) (size 1.9 0.8) (layers B.Cu B.Paste B.Mask)
      (net 16 "Net-(Q1-Pad1)"))
    (model ${KISYS3DMOD}/Package_TO_SOT_SMD.3dshapes/SOT-23.wrl
      (at (xyz 0 0 0))
      (scale (xyz 1 1 1))
      (rotate (xyz 0 0 0))
    )
  )

  (module Capacitor_SMD:C_0603_1608Metric_Pad1.05x0.95mm_HandSolder (layer B.Cu) (tedit 5B301BBE) (tstamp 5E644C66)
    (at 169 97.125 270)
    (descr "Capacitor SMD 0603 (1608 Metric), square (rectangular) end terminal, IPC_7351 nominal with elongated pad for handsoldering. (Body size source: http://www.tortai-tech.com/upload/download/2011102023233369053.pdf), generated with kicad-footprint-generator")
    (tags "capacitor handsolder")
    (path /5E648717)
    (attr smd)
    (fp_text reference C4 (at -2.625 0 90) (layer B.SilkS)
      (effects (font (size 1 1) (thickness 0.15)) (justify mirror))
    )
    (fp_text value 10uF (at 0 -1.43 90) (layer B.Fab)
      (effects (font (size 1 1) (thickness 0.15)) (justify mirror))
    )
    (fp_text user %R (at 0 0 90) (layer B.Fab)
      (effects (font (size 0.4 0.4) (thickness 0.06)) (justify mirror))
    )
    (fp_line (start 1.65 -0.73) (end -1.65 -0.73) (layer B.CrtYd) (width 0.05))
    (fp_line (start 1.65 0.73) (end 1.65 -0.73) (layer B.CrtYd) (width 0.05))
    (fp_line (start -1.65 0.73) (end 1.65 0.73) (layer B.CrtYd) (width 0.05))
    (fp_line (start -1.65 -0.73) (end -1.65 0.73) (layer B.CrtYd) (width 0.05))
    (fp_line (start -0.171267 -0.51) (end 0.171267 -0.51) (layer B.SilkS) (width 0.12))
    (fp_line (start -0.171267 0.51) (end 0.171267 0.51) (layer B.SilkS) (width 0.12))
    (fp_line (start 0.8 -0.4) (end -0.8 -0.4) (layer B.Fab) (width 0.1))
    (fp_line (start 0.8 0.4) (end 0.8 -0.4) (layer B.Fab) (width 0.1))
    (fp_line (start -0.8 0.4) (end 0.8 0.4) (layer B.Fab) (width 0.1))
    (fp_line (start -0.8 -0.4) (end -0.8 0.4) (layer B.Fab) (width 0.1))
    (pad 2 smd roundrect (at 0.875 0 270) (size 1.05 0.95) (layers B.Cu B.Paste B.Mask) (roundrect_rratio 0.25)
      (net 1 GNDREF))
    (pad 1 smd roundrect (at -0.875 0 270) (size 1.05 0.95) (layers B.Cu B.Paste B.Mask) (roundrect_rratio 0.25)
      (net 6 +BATT))
    (model ${KISYS3DMOD}/Capacitor_SMD.3dshapes/C_0603_1608Metric.wrl
      (at (xyz 0 0 0))
      (scale (xyz 1 1 1))
      (rotate (xyz 0 0 0))
    )
  )

  (module Resistor_SMD:R_0603_1608Metric_Pad1.05x0.95mm_HandSolder (layer B.Cu) (tedit 5B301BBD) (tstamp 5E5B9BFD)
    (at 157 100 90)
    (descr "Resistor SMD 0603 (1608 Metric), square (rectangular) end terminal, IPC_7351 nominal with elongated pad for handsoldering. (Body size source: http://www.tortai-tech.com/upload/download/2011102023233369053.pdf), generated with kicad-footprint-generator")
    (tags "resistor handsolder")
    (path /5E59F0C1)
    (attr smd)
    (fp_text reference R7 (at 2.75 0 270) (layer B.SilkS)
      (effects (font (size 1 1) (thickness 0.15)) (justify mirror))
    )
    (fp_text value 100K (at 0 -1.43 270) (layer B.Fab)
      (effects (font (size 1 1) (thickness 0.15)) (justify mirror))
    )
    (fp_line (start -0.8 -0.4) (end -0.8 0.4) (layer B.Fab) (width 0.1))
    (fp_line (start -0.8 0.4) (end 0.8 0.4) (layer B.Fab) (width 0.1))
    (fp_line (start 0.8 0.4) (end 0.8 -0.4) (layer B.Fab) (width 0.1))
    (fp_line (start 0.8 -0.4) (end -0.8 -0.4) (layer B.Fab) (width 0.1))
    (fp_line (start -0.171267 0.51) (end 0.171267 0.51) (layer B.SilkS) (width 0.12))
    (fp_line (start -0.171267 -0.51) (end 0.171267 -0.51) (layer B.SilkS) (width 0.12))
    (fp_line (start -1.65 -0.73) (end -1.65 0.73) (layer B.CrtYd) (width 0.05))
    (fp_line (start -1.65 0.73) (end 1.65 0.73) (layer B.CrtYd) (width 0.05))
    (fp_line (start 1.65 0.73) (end 1.65 -0.73) (layer B.CrtYd) (width 0.05))
    (fp_line (start 1.65 -0.73) (end -1.65 -0.73) (layer B.CrtYd) (width 0.05))
    (fp_text user %R (at 0 0 270) (layer B.Fab)
      (effects (font (size 0.4 0.4) (thickness 0.06)) (justify mirror))
    )
    (pad 1 smd roundrect (at -0.875 0 90) (size 1.05 0.95) (layers B.Cu B.Paste B.Mask) (roundrect_rratio 0.25)
      (net 8 AMBL_ANALOG))
    (pad 2 smd roundrect (at 0.875 0 90) (size 1.05 0.95) (layers B.Cu B.Paste B.Mask) (roundrect_rratio 0.25)
      (net 13 SENSOR_EN))
    (model ${KISYS3DMOD}/Resistor_SMD.3dshapes/R_0603_1608Metric.wrl
      (at (xyz 0 0 0))
      (scale (xyz 1 1 1))
      (rotate (xyz 0 0 0))
    )
  )

  (module Resistor_SMD:R_0603_1608Metric_Pad1.05x0.95mm_HandSolder (layer B.Cu) (tedit 5B301BBD) (tstamp 5E5B9140)
    (at 151.125 95)
    (descr "Resistor SMD 0603 (1608 Metric), square (rectangular) end terminal, IPC_7351 nominal with elongated pad for handsoldering. (Body size source: http://www.tortai-tech.com/upload/download/2011102023233369053.pdf), generated with kicad-footprint-generator")
    (tags "resistor handsolder")
    (path /5E5D3D3E)
    (attr smd)
    (fp_text reference R2 (at -2.625 0) (layer B.SilkS)
      (effects (font (size 1 1) (thickness 0.15)) (justify mirror))
    )
    (fp_text value 1K (at 0 -1.43) (layer B.Fab)
      (effects (font (size 1 1) (thickness 0.15)) (justify mirror))
    )
    (fp_text user %R (at 0 0) (layer B.Fab)
      (effects (font (size 0.4 0.4) (thickness 0.06)) (justify mirror))
    )
    (fp_line (start 1.65 -0.73) (end -1.65 -0.73) (layer B.CrtYd) (width 0.05))
    (fp_line (start 1.65 0.73) (end 1.65 -0.73) (layer B.CrtYd) (width 0.05))
    (fp_line (start -1.65 0.73) (end 1.65 0.73) (layer B.CrtYd) (width 0.05))
    (fp_line (start -1.65 -0.73) (end -1.65 0.73) (layer B.CrtYd) (width 0.05))
    (fp_line (start -0.171267 -0.51) (end 0.171267 -0.51) (layer B.SilkS) (width 0.12))
    (fp_line (start -0.171267 0.51) (end 0.171267 0.51) (layer B.SilkS) (width 0.12))
    (fp_line (start 0.8 -0.4) (end -0.8 -0.4) (layer B.Fab) (width 0.1))
    (fp_line (start 0.8 0.4) (end 0.8 -0.4) (layer B.Fab) (width 0.1))
    (fp_line (start -0.8 0.4) (end 0.8 0.4) (layer B.Fab) (width 0.1))
    (fp_line (start -0.8 -0.4) (end -0.8 0.4) (layer B.Fab) (width 0.1))
    (pad 2 smd roundrect (at 0.875 0) (size 1.05 0.95) (layers B.Cu B.Paste B.Mask) (roundrect_rratio 0.25)
      (net 18 TH_SENSOR_EN))
    (pad 1 smd roundrect (at -0.875 0) (size 1.05 0.95) (layers B.Cu B.Paste B.Mask) (roundrect_rratio 0.25)
      (net 16 "Net-(Q1-Pad1)"))
    (model ${KISYS3DMOD}/Resistor_SMD.3dshapes/R_0603_1608Metric.wrl
      (at (xyz 0 0 0))
      (scale (xyz 1 1 1))
      (rotate (xyz 0 0 0))
    )
  )

  (module Resistor_SMD:R_0603_1608Metric_Pad1.05x0.95mm_HandSolder (layer B.Cu) (tedit 5B301BBD) (tstamp 5E567AAD)
    (at 143.875 105 180)
    (descr "Resistor SMD 0603 (1608 Metric), square (rectangular) end terminal, IPC_7351 nominal with elongated pad for handsoldering. (Body size source: http://www.tortai-tech.com/upload/download/2011102023233369053.pdf), generated with kicad-footprint-generator")
    (tags "resistor handsolder")
    (path /5E588F91)
    (attr smd)
    (fp_text reference R9 (at 2.625 0 180) (layer B.SilkS)
      (effects (font (size 1 1) (thickness 0.15)) (justify mirror))
    )
    (fp_text value 4.7K (at 0 -1.43 180) (layer B.Fab)
      (effects (font (size 1 1) (thickness 0.15)) (justify mirror))
    )
    (fp_text user %R (at 0 0 180) (layer B.Fab)
      (effects (font (size 0.4 0.4) (thickness 0.06)) (justify mirror))
    )
    (fp_line (start 1.65 -0.73) (end -1.65 -0.73) (layer B.CrtYd) (width 0.05))
    (fp_line (start 1.65 0.73) (end 1.65 -0.73) (layer B.CrtYd) (width 0.05))
    (fp_line (start -1.65 0.73) (end 1.65 0.73) (layer B.CrtYd) (width 0.05))
    (fp_line (start -1.65 -0.73) (end -1.65 0.73) (layer B.CrtYd) (width 0.05))
    (fp_line (start -0.171267 -0.51) (end 0.171267 -0.51) (layer B.SilkS) (width 0.12))
    (fp_line (start -0.171267 0.51) (end 0.171267 0.51) (layer B.SilkS) (width 0.12))
    (fp_line (start 0.8 -0.4) (end -0.8 -0.4) (layer B.Fab) (width 0.1))
    (fp_line (start 0.8 0.4) (end 0.8 -0.4) (layer B.Fab) (width 0.1))
    (fp_line (start -0.8 0.4) (end 0.8 0.4) (layer B.Fab) (width 0.1))
    (fp_line (start -0.8 -0.4) (end -0.8 0.4) (layer B.Fab) (width 0.1))
    (pad 2 smd roundrect (at 0.875 0 180) (size 1.05 0.95) (layers B.Cu B.Paste B.Mask) (roundrect_rratio 0.25)
      (net 14 SCL))
    (pad 1 smd roundrect (at -0.875 0 180) (size 1.05 0.95) (layers B.Cu B.Paste B.Mask) (roundrect_rratio 0.25)
      (net 2 +3V3))
    (model ${KISYS3DMOD}/Resistor_SMD.3dshapes/R_0603_1608Metric.wrl
      (at (xyz 0 0 0))
      (scale (xyz 1 1 1))
      (rotate (xyz 0 0 0))
    )
  )

  (module Resistor_SMD:R_0603_1608Metric_Pad1.05x0.95mm_HandSolder (layer B.Cu) (tedit 5B301BBD) (tstamp 5E56799E)
    (at 136 100 180)
    (descr "Resistor SMD 0603 (1608 Metric), square (rectangular) end terminal, IPC_7351 nominal with elongated pad for handsoldering. (Body size source: http://www.tortai-tech.com/upload/download/2011102023233369053.pdf), generated with kicad-footprint-generator")
    (tags "resistor handsolder")
    (path /5E588096)
    (attr smd)
    (fp_text reference R8 (at 2.75 0 180) (layer B.SilkS)
      (effects (font (size 1 1) (thickness 0.15)) (justify mirror))
    )
    (fp_text value 4.7K (at 0 -1.43 180) (layer B.Fab) hide
      (effects (font (size 1 1) (thickness 0.15)) (justify mirror))
    )
    (fp_text user %R (at 0 0 180) (layer B.Fab)
      (effects (font (size 0.4 0.4) (thickness 0.06)) (justify mirror))
    )
    (fp_line (start 1.65 -0.73) (end -1.65 -0.73) (layer B.CrtYd) (width 0.05))
    (fp_line (start 1.65 0.73) (end 1.65 -0.73) (layer B.CrtYd) (width 0.05))
    (fp_line (start -1.65 0.73) (end 1.65 0.73) (layer B.CrtYd) (width 0.05))
    (fp_line (start -1.65 -0.73) (end -1.65 0.73) (layer B.CrtYd) (width 0.05))
    (fp_line (start -0.171267 -0.51) (end 0.171267 -0.51) (layer B.SilkS) (width 0.12))
    (fp_line (start -0.171267 0.51) (end 0.171267 0.51) (layer B.SilkS) (width 0.12))
    (fp_line (start 0.8 -0.4) (end -0.8 -0.4) (layer B.Fab) (width 0.1))
    (fp_line (start 0.8 0.4) (end 0.8 -0.4) (layer B.Fab) (width 0.1))
    (fp_line (start -0.8 0.4) (end 0.8 0.4) (layer B.Fab) (width 0.1))
    (fp_line (start -0.8 -0.4) (end -0.8 0.4) (layer B.Fab) (width 0.1))
    (pad 2 smd roundrect (at 0.875 0 180) (size 1.05 0.95) (layers B.Cu B.Paste B.Mask) (roundrect_rratio 0.25)
      (net 2 +3V3))
    (pad 1 smd roundrect (at -0.875 0 180) (size 1.05 0.95) (layers B.Cu B.Paste B.Mask) (roundrect_rratio 0.25)
      (net 15 SDA))
    (model ${KISYS3DMOD}/Resistor_SMD.3dshapes/R_0603_1608Metric.wrl
      (at (xyz 0 0 0))
      (scale (xyz 1 1 1))
      (rotate (xyz 0 0 0))
    )
  )

  (module Package_DFN_QFN:DFN-6-1EP_3x3mm_P1mm_EP1.5x2.4mm (layer B.Cu) (tedit 5DC5F54E) (tstamp 5E561B02)
    (at 144 102 270)
    (descr "DFN, 6 Pin (https://www.silabs.com/documents/public/data-sheets/Si7020-A20.pdf), generated with kicad-footprint-generator ipc_noLead_generator.py")
    (tags "DFN NoLead")
    (path /5E563C10)
    (attr smd)
    (fp_text reference U2 (at 0 2.75 180) (layer B.SilkS)
      (effects (font (size 1 1) (thickness 0.15)) (justify mirror))
    )
    (fp_text value Si7021-A20 (at 0 -2.45 90) (layer B.Fab)
      (effects (font (size 1 1) (thickness 0.15)) (justify mirror))
    )
    (fp_text user %R (at 0 0 90) (layer B.Fab)
      (effects (font (size 0.75 0.75) (thickness 0.11)) (justify mirror))
    )
    (fp_line (start 2.1 1.75) (end -2.1 1.75) (layer B.CrtYd) (width 0.05))
    (fp_line (start 2.1 -1.75) (end 2.1 1.75) (layer B.CrtYd) (width 0.05))
    (fp_line (start -2.1 -1.75) (end 2.1 -1.75) (layer B.CrtYd) (width 0.05))
    (fp_line (start -2.1 1.75) (end -2.1 -1.75) (layer B.CrtYd) (width 0.05))
    (fp_line (start -1.5 0.75) (end -0.75 1.5) (layer B.Fab) (width 0.1))
    (fp_line (start -1.5 -1.5) (end -1.5 0.75) (layer B.Fab) (width 0.1))
    (fp_line (start 1.5 -1.5) (end -1.5 -1.5) (layer B.Fab) (width 0.1))
    (fp_line (start 1.5 1.5) (end 1.5 -1.5) (layer B.Fab) (width 0.1))
    (fp_line (start -0.75 1.5) (end 1.5 1.5) (layer B.Fab) (width 0.1))
    (fp_line (start -1.5 -1.61) (end 1.5 -1.61) (layer B.SilkS) (width 0.12))
    (fp_line (start 0 1.61) (end 1.5 1.61) (layer B.SilkS) (width 0.12))
    (pad "" smd roundrect (at 0.375 -0.6 270) (size 0.6 0.97) (layers B.Paste) (roundrect_rratio 0.25))
    (pad "" smd roundrect (at 0.375 0.6 270) (size 0.6 0.97) (layers B.Paste) (roundrect_rratio 0.25))
    (pad "" smd roundrect (at -0.375 -0.6 270) (size 0.6 0.97) (layers B.Paste) (roundrect_rratio 0.25))
    (pad "" smd roundrect (at -0.375 0.6 270) (size 0.6 0.97) (layers B.Paste) (roundrect_rratio 0.25))
    (pad 7 smd rect (at 0 0 270) (size 1.5 2.4) (layers B.Cu B.Mask)
      (net 42 "Net-(U2-Pad7)"))
    (pad 6 smd roundrect (at 1.45 1 270) (size 0.8 0.4) (layers B.Cu B.Paste B.Mask) (roundrect_rratio 0.25)
      (net 14 SCL))
    (pad 5 smd roundrect (at 1.45 0 270) (size 0.8 0.4) (layers B.Cu B.Paste B.Mask) (roundrect_rratio 0.25)
      (net 2 +3V3))
    (pad 4 smd roundrect (at 1.45 -1 270) (size 0.8 0.4) (layers B.Cu B.Paste B.Mask) (roundrect_rratio 0.25)
      (net 43 "Net-(U2-Pad4)"))
    (pad 3 smd roundrect (at -1.45 -1 270) (size 0.8 0.4) (layers B.Cu B.Paste B.Mask) (roundrect_rratio 0.25)
      (net 44 "Net-(U2-Pad3)"))
    (pad 2 smd roundrect (at -1.45 0 270) (size 0.8 0.4) (layers B.Cu B.Paste B.Mask) (roundrect_rratio 0.25)
      (net 19 "Net-(Q1-Pad3)"))
    (pad 1 smd roundrect (at -1.45 1 270) (size 0.8 0.4) (layers B.Cu B.Paste B.Mask) (roundrect_rratio 0.25)
      (net 15 SDA))
    (model ${KISYS3DMOD}/Package_DFN_QFN.3dshapes/DFN-6-1EP_3x3mm_P1mm_EP1.5x2.4mm.wrl
      (at (xyz 0 0 0))
      (scale (xyz 1 1 1))
      (rotate (xyz 0 0 0))
    )
  )

  (module RFP30N06LE:TRANS_RFP30N06LE (layer F.Cu) (tedit 5E55F638) (tstamp 5E56ACC4)
    (at 165 104.46 270)
    (path /5E587B96)
    (fp_text reference Q2 (at -2.368715 -3.891095 90) (layer F.SilkS)
      (effects (font (size 1.001567 1.001567) (thickness 0.015)))
    )
    (fp_text value "Pump Driver" (at 4.82784 3.67093 90) (layer F.Fab)
      (effects (font (size 1.001622 1.001622) (thickness 0.015)))
    )
    (fp_line (start -5.1 -2.2) (end 5.1 -2.2) (layer F.SilkS) (width 0.127))
    (fp_circle (center -2.54 2.5) (end -2.34 2.5) (layer F.SilkS) (width 0.1))
    (fp_line (start -5.29 2) (end -5.29 -3.23) (layer F.CrtYd) (width 0.05))
    (fp_line (start 5.46 2) (end -5.29 2) (layer F.CrtYd) (width 0.05))
    (fp_line (start 5.46 -3.23) (end 5.46 2) (layer F.CrtYd) (width 0.05))
    (fp_line (start -5.29 -3.23) (end 5.46 -3.23) (layer F.CrtYd) (width 0.05))
    (fp_line (start -5.08 -2.98) (end -5.08 1.72) (layer F.SilkS) (width 0.127))
    (fp_line (start 5.08 -2.98) (end -5.08 -2.98) (layer F.SilkS) (width 0.127))
    (fp_line (start 5.08 1.72) (end 5.08 -2.98) (layer F.SilkS) (width 0.127))
    (fp_line (start -5.08 1.72) (end 5.08 1.72) (layer F.SilkS) (width 0.127))
    (pad 3 thru_hole circle (at 2.54 0 270) (size 1.98 1.98) (drill 1.32) (layers *.Cu *.Mask)
      (net 1 GNDREF))
    (pad 2 thru_hole circle (at 0 0 270) (size 1.98 1.98) (drill 1.32) (layers *.Cu *.Mask)
      (net 11 PUMP-))
    (pad 1 thru_hole rect (at -2.54 0 270) (size 1.98 1.98) (drill 1.32) (layers *.Cu *.Mask)
      (net 17 PUMP_EN))
  )

  (module Resistor_SMD:R_0603_1608Metric_Pad1.05x0.95mm_HandSolder (layer B.Cu) (tedit 5B301BBD) (tstamp 5E56504B)
    (at 167 97.125 270)
    (descr "Resistor SMD 0603 (1608 Metric), square (rectangular) end terminal, IPC_7351 nominal with elongated pad for handsoldering. (Body size source: http://www.tortai-tech.com/upload/download/2011102023233369053.pdf), generated with kicad-footprint-generator")
    (tags "resistor handsolder")
    (path /5E607B1B)
    (attr smd)
    (fp_text reference R10 (at -3.125 0 270) (layer B.SilkS)
      (effects (font (size 1 1) (thickness 0.15)) (justify mirror))
    )
    (fp_text value 0 (at 0 -1.43 270) (layer B.Fab) hide
      (effects (font (size 1 1) (thickness 0.15)) (justify mirror))
    )
    (fp_line (start -0.8 -0.4) (end -0.8 0.4) (layer B.Fab) (width 0.1))
    (fp_line (start -0.8 0.4) (end 0.8 0.4) (layer B.Fab) (width 0.1))
    (fp_line (start 0.8 0.4) (end 0.8 -0.4) (layer B.Fab) (width 0.1))
    (fp_line (start 0.8 -0.4) (end -0.8 -0.4) (layer B.Fab) (width 0.1))
    (fp_line (start -0.171267 0.51) (end 0.171267 0.51) (layer B.SilkS) (width 0.12))
    (fp_line (start -0.171267 -0.51) (end 0.171267 -0.51) (layer B.SilkS) (width 0.12))
    (fp_line (start -1.65 -0.73) (end -1.65 0.73) (layer B.CrtYd) (width 0.05))
    (fp_line (start -1.65 0.73) (end 1.65 0.73) (layer B.CrtYd) (width 0.05))
    (fp_line (start 1.65 0.73) (end 1.65 -0.73) (layer B.CrtYd) (width 0.05))
    (fp_line (start 1.65 -0.73) (end -1.65 -0.73) (layer B.CrtYd) (width 0.05))
    (fp_text user %R (at 0 0 270) (layer B.Fab)
      (effects (font (size 0.4 0.4) (thickness 0.06)) (justify mirror))
    )
    (pad 1 smd roundrect (at -0.875 0 270) (size 1.05 0.95) (layers B.Cu B.Paste B.Mask) (roundrect_rratio 0.25)
      (net 6 +BATT))
    (pad 2 smd roundrect (at 0.875 0 270) (size 1.05 0.95) (layers B.Cu B.Paste B.Mask) (roundrect_rratio 0.25)
      (net 12 PUMP+))
    (model ${KISYS3DMOD}/Resistor_SMD.3dshapes/R_0603_1608Metric.wrl
      (at (xyz 0 0 0))
      (scale (xyz 1 1 1))
      (rotate (xyz 0 0 0))
    )
  )

  (module Resistor_SMD:R_0603_1608Metric_Pad1.05x0.95mm_HandSolder (layer B.Cu) (tedit 5B301BBD) (tstamp 5E56503A)
    (at 161 99.625 270)
    (descr "Resistor SMD 0603 (1608 Metric), square (rectangular) end terminal, IPC_7351 nominal with elongated pad for handsoldering. (Body size source: http://www.tortai-tech.com/upload/download/2011102023233369053.pdf), generated with kicad-footprint-generator")
    (tags "resistor handsolder")
    (path /5E5A5262)
    (attr smd)
    (fp_text reference R5 (at -2.625 0 270) (layer B.SilkS)
      (effects (font (size 1 1) (thickness 0.15)) (justify mirror))
    )
    (fp_text value 10K (at 0 -1.43 270) (layer B.Fab) hide
      (effects (font (size 1 1) (thickness 0.15)) (justify mirror))
    )
    (fp_line (start -0.8 -0.4) (end -0.8 0.4) (layer B.Fab) (width 0.1))
    (fp_line (start -0.8 0.4) (end 0.8 0.4) (layer B.Fab) (width 0.1))
    (fp_line (start 0.8 0.4) (end 0.8 -0.4) (layer B.Fab) (width 0.1))
    (fp_line (start 0.8 -0.4) (end -0.8 -0.4) (layer B.Fab) (width 0.1))
    (fp_line (start -0.171267 0.51) (end 0.171267 0.51) (layer B.SilkS) (width 0.12))
    (fp_line (start -0.171267 -0.51) (end 0.171267 -0.51) (layer B.SilkS) (width 0.12))
    (fp_line (start -1.65 -0.73) (end -1.65 0.73) (layer B.CrtYd) (width 0.05))
    (fp_line (start -1.65 0.73) (end 1.65 0.73) (layer B.CrtYd) (width 0.05))
    (fp_line (start 1.65 0.73) (end 1.65 -0.73) (layer B.CrtYd) (width 0.05))
    (fp_line (start 1.65 -0.73) (end -1.65 -0.73) (layer B.CrtYd) (width 0.05))
    (fp_text user %R (at 0 0 270) (layer B.Fab)
      (effects (font (size 0.4 0.4) (thickness 0.06)) (justify mirror))
    )
    (pad 1 smd roundrect (at -0.875 0 270) (size 1.05 0.95) (layers B.Cu B.Paste B.Mask) (roundrect_rratio 0.25)
      (net 1 GNDREF))
    (pad 2 smd roundrect (at 0.875 0 270) (size 1.05 0.95) (layers B.Cu B.Paste B.Mask) (roundrect_rratio 0.25)
      (net 17 PUMP_EN))
    (model ${KISYS3DMOD}/Resistor_SMD.3dshapes/R_0603_1608Metric.wrl
      (at (xyz 0 0 0))
      (scale (xyz 1 1 1))
      (rotate (xyz 0 0 0))
    )
  )

  (module Connector_PinHeader_2.54mm:PinHeader_1x04_P2.54mm_Vertical (layer F.Cu) (tedit 59FED5CC) (tstamp 5E564E85)
    (at 171 100)
    (descr "Through hole straight pin header, 1x04, 2.54mm pitch, single row")
    (tags "Through hole pin header THT 1x04 2.54mm single row")
    (path /5E5B5999)
    (fp_text reference J3 (at 0 -2.33) (layer F.SilkS)
      (effects (font (size 1 1) (thickness 0.15)))
    )
    (fp_text value PUMP (at 0 9.95) (layer F.Fab)
      (effects (font (size 1 1) (thickness 0.15)))
    )
    (fp_text user %R (at 0 3.81 90) (layer F.Fab)
      (effects (font (size 1 1) (thickness 0.15)))
    )
    (fp_line (start 1.8 -1.8) (end -1.8 -1.8) (layer F.CrtYd) (width 0.05))
    (fp_line (start 1.8 9.4) (end 1.8 -1.8) (layer F.CrtYd) (width 0.05))
    (fp_line (start -1.8 9.4) (end 1.8 9.4) (layer F.CrtYd) (width 0.05))
    (fp_line (start -1.8 -1.8) (end -1.8 9.4) (layer F.CrtYd) (width 0.05))
    (fp_line (start -1.33 -1.33) (end 0 -1.33) (layer F.SilkS) (width 0.12))
    (fp_line (start -1.33 0) (end -1.33 -1.33) (layer F.SilkS) (width 0.12))
    (fp_line (start -1.33 1.27) (end 1.33 1.27) (layer F.SilkS) (width 0.12))
    (fp_line (start 1.33 1.27) (end 1.33 8.95) (layer F.SilkS) (width 0.12))
    (fp_line (start -1.33 1.27) (end -1.33 8.95) (layer F.SilkS) (width 0.12))
    (fp_line (start -1.33 8.95) (end 1.33 8.95) (layer F.SilkS) (width 0.12))
    (fp_line (start -1.27 -0.635) (end -0.635 -1.27) (layer F.Fab) (width 0.1))
    (fp_line (start -1.27 8.89) (end -1.27 -0.635) (layer F.Fab) (width 0.1))
    (fp_line (start 1.27 8.89) (end -1.27 8.89) (layer F.Fab) (width 0.1))
    (fp_line (start 1.27 -1.27) (end 1.27 8.89) (layer F.Fab) (width 0.1))
    (fp_line (start -0.635 -1.27) (end 1.27 -1.27) (layer F.Fab) (width 0.1))
    (pad 4 thru_hole oval (at 0 7.62) (size 1.7 1.7) (drill 1) (layers *.Cu *.Mask)
      (net 11 PUMP-))
    (pad 3 thru_hole oval (at 0 5.08) (size 1.7 1.7) (drill 1) (layers *.Cu *.Mask)
      (net 12 PUMP+))
    (pad 2 thru_hole oval (at 0 2.54) (size 1.7 1.7) (drill 1) (layers *.Cu *.Mask)
      (net 1 GNDREF))
    (pad 1 thru_hole rect (at 0 0) (size 1.7 1.7) (drill 1) (layers *.Cu *.Mask)
      (net 12 PUMP+))
    (model ${KISYS3DMOD}/Connector_PinHeader_2.54mm.3dshapes/PinHeader_1x04_P2.54mm_Vertical.wrl
      (at (xyz 0 0 0))
      (scale (xyz 1 1 1))
      (rotate (xyz 0 0 0))
    )
  )

  (module Package_TO_SOT_SMD:SOT-223-3_TabPin2 (layer F.Cu) (tedit 5A02FF57) (tstamp 5E55EF3A)
    (at 163.85 94 180)
    (descr "module CMS SOT223 4 pins")
    (tags "CMS SOT")
    (path /5E57EF7B)
    (attr smd)
    (fp_text reference U3 (at -5.08 0 90) (layer F.SilkS)
      (effects (font (size 1 1) (thickness 0.15)))
    )
    (fp_text value LD1117S33TR_SOT223 (at 0 4.5) (layer F.Fab)
      (effects (font (size 1 1) (thickness 0.15)))
    )
    (fp_line (start 1.85 -3.35) (end 1.85 3.35) (layer F.Fab) (width 0.1))
    (fp_line (start -1.85 3.35) (end 1.85 3.35) (layer F.Fab) (width 0.1))
    (fp_line (start -4.1 -3.41) (end 1.91 -3.41) (layer F.SilkS) (width 0.12))
    (fp_line (start -0.85 -3.35) (end 1.85 -3.35) (layer F.Fab) (width 0.1))
    (fp_line (start -1.85 3.41) (end 1.91 3.41) (layer F.SilkS) (width 0.12))
    (fp_line (start -1.85 -2.35) (end -1.85 3.35) (layer F.Fab) (width 0.1))
    (fp_line (start -1.85 -2.35) (end -0.85 -3.35) (layer F.Fab) (width 0.1))
    (fp_line (start -4.4 -3.6) (end -4.4 3.6) (layer F.CrtYd) (width 0.05))
    (fp_line (start -4.4 3.6) (end 4.4 3.6) (layer F.CrtYd) (width 0.05))
    (fp_line (start 4.4 3.6) (end 4.4 -3.6) (layer F.CrtYd) (width 0.05))
    (fp_line (start 4.4 -3.6) (end -4.4 -3.6) (layer F.CrtYd) (width 0.05))
    (fp_line (start 1.91 -3.41) (end 1.91 -2.15) (layer F.SilkS) (width 0.12))
    (fp_line (start 1.91 3.41) (end 1.91 2.15) (layer F.SilkS) (width 0.12))
    (fp_text user %R (at 0 0 90) (layer F.Fab)
      (effects (font (size 0.8 0.8) (thickness 0.12)))
    )
    (pad 1 smd rect (at -3.15 -2.3 180) (size 2 1.5) (layers F.Cu F.Paste F.Mask)
      (net 1 GNDREF))
    (pad 3 smd rect (at -3.15 2.3 180) (size 2 1.5) (layers F.Cu F.Paste F.Mask)
      (net 6 +BATT))
    (pad 2 smd rect (at -3.15 0 180) (size 2 1.5) (layers F.Cu F.Paste F.Mask)
      (net 2 +3V3))
    (pad 2 smd rect (at 3.15 0 180) (size 2 3.8) (layers F.Cu F.Paste F.Mask)
      (net 2 +3V3))
    (model ${KISYS3DMOD}/Package_TO_SOT_SMD.3dshapes/SOT-223.wrl
      (at (xyz 0 0 0))
      (scale (xyz 1 1 1))
      (rotate (xyz 0 0 0))
    )
  )

  (module OptoDevice:R_LDR_5.1x4.3mm_P3.4mm_Vertical (layer B.Cu) (tedit 5B8603DB) (tstamp 5E555720)
    (at 161 102.6 270)
    (descr "Resistor, LDR 5.1x3.4mm, see http://yourduino.com/docs/Photoresistor-5516-datasheet.pdf")
    (tags "Resistor LDR5.1x3.4mm")
    (path /5E59E542)
    (fp_text reference R6 (at 1.9 3.5 180) (layer B.SilkS)
      (effects (font (size 1 1) (thickness 0.15)) (justify mirror))
    )
    (fp_text value R_PHOTO (at 1.5 -3 90) (layer B.Fab)
      (effects (font (size 1 1) (thickness 0.15)) (justify mirror))
    )
    (fp_arc (start 1.7 0) (end 0.2 -2.1) (angle -109) (layer B.Fab) (width 0.1))
    (fp_arc (start 1.7 0) (end 3.2 2.1) (angle -109) (layer B.Fab) (width 0.1))
